{
  "accessors": [
    {
      "bufferView": 2,
      "componentType": 5126,
      "count": 65532,
      "max": [
        14.315896034240723,
        8.7631263732910156,
        10.874310493469238
      ],
      "min": [
        -14.314896583557129,
        1.4089763164520264,
        -10.874311447143555
      ],
      "type": "VEC3"
    },
    {
      "bufferView": 2,
      "byteOffset": 786384,
      "componentType": 5126,
      "count": 65532,
      "max": [
        0.99998188018798828,
        0.99999988079071045,
        0.9999726414680481
      ],
      "min": [
        -0.99999809265136719,
        -0.96477168798446655,
        -0.99999678134918213
      ],
      "type": "VEC3"
    },
    {
      "bufferView": 3,
      "componentType": 5126,
      "count": 65532,
      "max": [
        0.9999992847442627,
        1,
        0.98905348777770996,
        1
      ],
      "min": [
        -0.99999994039535522,
        -1,
        -0.99599361419677734,
        -1
      ],
      "type": "VEC4"
    },
    {
      "bufferView": 1,
      "componentType": 5126,
      "count": 65532,
      "max": [
        0.99853515625,
        0.99852907657623291
      ],
      "min": [
        0.00146484375,
        0.0014709234237670898
      ],
      "type": "VEC2"
    },
    {
      "bufferView": 0,
      "componentType": 5125,
      "count": 358899,
      "max": [
        65531
      ],
      "min": [
        0
      ],
      "type": "SCALAR"
    },
    {
      "bufferView": 2,
      "byteOffset": 1572768,
      "componentType": 5126,
      "count": 43019,
      "max": [
        0.17741966247558594,
        15.497737884521484,
        9.9284696578979492
      ],
      "min": [
        -7.2570104598999023,
        2.0950698852539062,
        -3.6423454284667969
      ],
      "type": "VEC3"
    },
    {
      "bufferView": 2,
      "byteOffset": 2088996,
      "componentType": 5126,
      "count": 43019,
      "max": [
        0.99997758865356445,
        0.99999755620956421,
        0.99991035461425781
      ],
      "min": [
        -0.99999326467514038,
        -0.99838972091674805,
        -0.99995136260986328
      ],
      "type": "VEC3"
    },
    {
      "bufferView": 3,
      "byteOffset": 1048512,
      "componentType": 5126,
      "count": 43019,
      "max": [
        0.99999725818634033,
        0.99999982118606567,
        0.99999171495437622,
        1
      ],
      "min": [
        -0.99999994039535522,
        -1,
        -0.99999630451202393,
        -1
      ],
      "type": "VEC4"
    },
    {
      "bufferView": 1,
      "byteOffset": 524256,
      "componentType": 5126,
      "count": 43019,
      "max": [
        0.99853515625,
        0.99656778573989868
      ],
      "min": [
        0.00146484375,
        0.0014709234237670898
      ],
      "type": "VEC2"
    },
    {
      "bufferView": 0,
      "byteOffset": 1435596,
      "componentType": 5125,
      "count": 229941,
      "max": [
        43018
      ],
      "min": [
        0
      ],
      "type": "SCALAR"
    }
  ],
  "asset": {
    "extras": {
      "author": "Guillermo (https://sketchfab.com/guillermosainz)",
      "license": "CC-BY-NC-4.0 (http://creativecommons.org/licenses/by-nc/4.0/)",
      "source": "https://sketchfab.com/models/2ab65014a0a34a6e83f15bf3a3b78770",
      "title": "The Traveling Moai, Ahu Tongariki -Rapa Nui"
    },
    "generator": "Sketchfab-3.19.6",
    "version": "2.0"
  },
  "bufferViews": [
    {
      "buffer": 0,
      "byteLength": 2355360,
      "byteOffset": 0,
      "name": "floatBufferViews",
      "target": 34963
    },
    {
      "buffer": 0,
      "byteLength": 868408,
      "byteOffset": 2355360,
      "byteStride": 8,
      "name": "floatBufferViews",
      "target": 34962
    },
    {
      "buffer": 0,
      "byteLength": 2605224,
      "byteOffset": 3223768,
      "byteStride": 12,
      "name": "floatBufferViews",
      "target": 34962
    },
    {
      "buffer": 0,
      "byteLength": 1736816,
      "byteOffset": 5828992,
      "byteStride": 16,
      "name": "floatBufferViews",
      "target": 34962
    }
  ],
  "buffers": [
    {
      "byteLength": 7565808,
      "uri": "scene.bin"
    }
  ],
  "extensionsUsed": [
    "KHR_materials_unlit"
  ],
  "images": [
    {
      "uri": "textures/Material_0_baseColor.jpg"
    }
  ],
  "materials": [
    {
      "doubleSided": true,
      "emissiveFactor": [
        0,
        0,
        0
      ],
      "extensions": {
        "KHR_materials_unlit": {}
      },
      "name": "Material_0",
      "pbrMetallicRoughness": {
        "baseColorFactor": [
          1,
          1,
          1,
          1
        ],
        "baseColorTexture": {
          "index": 0,
          "texCoord": 0
        },
        "metallicFactor": 0,
        "roughnessFactor": 1
      }
    }
  ],
  "meshes": [
    {
      "name": "mainMeshNode_Material_0_0",
      "primitives": [
        {
          "attributes": {
            "NORMAL": 1,
            "POSITION": 0,
            "TANGENT": 2,
            "TEXCOORD_0": 3
          },
          "indices": 4,
          "material": 0,
          "mode": 4
        }
      ]
    },
    {
      "name": "mainMeshNode_Material_0_0",
      "primitives": [
        {
          "attributes": {
            "NORMAL": 6,
            "POSITION": 5,
            "TANGENT": 7,
            "TEXCOORD_0": 8
          },
          "indices": 9,
          "material": 0,
          "mode": 4
        }
      ]
    }
  ],
  "nodes": [
    {
      "children": [
        1
      ],
      "name": "RootNode (gltf orientation matrix)",
      "rotation": [
        -0.70710678118654746,
        -0,
        -0,
        0.70710678118654757
      ]
    },
    {
      "children": [
        2
      ],
      "name": "RootNode (model correction matrix)"
    },
    {
      "children": [
        3
      ],
      "matrix": [
        1,
        0,
        0,
        0,
        0,
        0,
        1,
        0,
        0,
        -1,
        0,
        0,
        0,
        0,
        0,
        1
      ],
      "name": "ac4956356eac47bdbb21a84f9eabdb49.fbx"
    },
    {
      "children": [
        4,
        6,
        8,
        10,
        12,
        14,
        16,
        18,
        20,
        22,
        24,
        26,
        28,
        30,
        32,
        34,
        36,
        38,
        40,
        42,
        44,
        46,
        48,
        50,
        52,
        54,
        56,
        58,
        60,
        62,
        64,
        66,
        68,
        70,
        72,
        74,
        76,
        78,
        80,
        82,
        84,
        86,
        88,
        90,
        92,
        94,
        96,
        98
      ],
      "name": "RootNode"
    },
    {
      "children": [
        5
      ],
      "matrix": [
        -0.0044168790847149975,
        0.04930128910706548,
        -0.99877418572544852,
        0,
        0.019014253579551461,
        0.99860749797036896,
        0.049208974366187583,
        0,
        0.99980945651657238,
        -0.018773595546435415,
        -0.0053481557845054262,
        0,
        -1.3026522397994995,
        6.7791266441345215,
        27.692230224609375,
        1
      ],
      "name": "DSC_0605_JPG"
    },
    {
      "name": ""
    },
    {
      "children": [
        7
      ],
      "matrix": [
        0.018254603800430202,
        0.072046557878605449,
        -0.99723420666257445,
        0,
        0.013589221087066877,
        0.99729039601996095,
        0.072299371204708376,
        0,
        0.99974101771925727,
        -0.014871432486285658,
        0.01722608444974405,
        0,
        -2.1938035488128662,
        7.3305668830871582,
        27.022930145263672,
        1
      ],
      "name": "DSC_0607_JPG"
    },
    {
      "name": ""
    },
    {
      "children": [
        9
      ],
      "matrix": [
        0.24622284731331645,
        0.072977781820271134,
        -0.96646187344432599,
        0,
        -0.0035971214985253547,
        0.9972231743401494,
        0.074384146670381873,
        0,
        0.9692065673414767,
        -0.014838595605681106,
        0.24580163934075572,
        0,
        -7.8177237510681152,
        7.6324663162231445,
        24.689229965209961,
        1
      ],
      "name": "DSC_0608_JPG"
    },
    {
      "name": ""
    },
    {
      "children": [
        11
      ],
      "matrix": [
        0.5153971097883826,
        0.04168120985392984,
        -0.85593720328473555,
        0,
        0.0083579857852636892,
        0.99852442365281258,
        0.053657426722046972,
        0,
        0.85691070905631428,
        -0.034808793629357113,
        0.51428823104429833,
        0,
        -14.602832794189453,
        8.5588569641113281,
        19.550230026245117,
        1
      ],
      "name": "DSC_0609_JPG"
    },
    {
      "name": ""
    },
    {
      "children": [
        13
      ],
      "matrix": [
        0.98011813797926617,
        -0.018364537040048527,
        -0.19756310228218441,
        0,
        0.016482093333380403,
        0.99980178212597171,
        -0.011168574532171811,
        0,
        0.1977290474447442,
        0.007690268983307747,
        0.98022654705917778,
        0,
        -21.154331207275391,
        9.307795524597168,
        3.502960205078125,
        1
      ],
      "name": "DSC_0611_JPG"
    },
    {
      "name": ""
    },
    {
      "children": [
        15
      ],
      "matrix": [
        0.90558027874035585,
        -0.020687758248194004,
        0.4236701257053696,
        0,
        0.013842126017514455,
        0.99971927926386239,
        0.01922909814470879,
        0,
        -0.42394899964955063,
        -0.011548996787941128,
        0.90561242613456749,
        0,
        -19.659233093261719,
        9.2716856002807617,
        -8.2795896530151367,
        1
      ],
      "name": "DSC_0614_JPG"
    },
    {
      "name": ""
    },
    {
      "children": [
        17
      ],
      "matrix": [
        0.77364150126048514,
        -0.014404506521711439,
        0.63345981539422747,
        0,
        -0.008997796381412855,
        0.99939099946733223,
        0.033714534609946979,
        0,
        -0.63355967926289414,
        -0.031782705604662599,
        0.7730407443574665,
        0,
        -16.795333862304688,
        9.0697250366210938,
        -12.538169860839844,
        1
      ],
      "name": "DSC_0615_JPG"
    },
    {
      "name": ""
    },
    {
      "children": [
        19
      ],
      "matrix": [
        0.58207941809572739,
        -0.0027991141244446613,
        0.81312712166638346,
        0,
        -0.034152233266091646,
        0.99902749625492204,
        0.027887034434666766,
        0,
        -0.81241441148731341,
        -0.044002575910282352,
        0.58141774768318011,
        0,
        -12.445833206176758,
        8.8323554992675781,
        -17.054868698120117,
        1
      ],
      "name": "DSC_0616_JPG"
    },
    {
      "name": ""
    },
    {
      "children": [
        21
      ],
      "matrix": [
        0.34634880386514566,
        -0.016380685200977577,
        0.93796278135837008,
        0,
        -0.014287897557189413,
        0.99963945217165251,
        0.02273371164930555,
        0,
        -0.93799699468845754,
        -0.021275309969656944,
        0.34598988300399314,
        0,
        -8.1201343536376953,
        8.6764144897460938,
        -19.45026969909668,
        1
      ],
      "name": "DSC_0617_JPG"
    },
    {
      "name": ""
    },
    {
      "children": [
        23
      ],
      "matrix": [
        0.060000115514777463,
        0.0032398297545839973,
        0.99819311239928643,
        0,
        -0.011838671255052243,
        0.99992671005025713,
        -0.0025338490452013526,
        0,
        -0.99812816411577532,
        -0.011665248871343476,
        0.060034073388713693,
        0,
        -3.1537041664123535,
        8.3181047439575195,
        -20.414169311523438,
        1
      ],
      "name": "DSC_0619_JPG"
    },
    {
      "name": ""
    },
    {
      "children": [
        25
      ],
      "matrix": [
        0.22591716742809709,
        0.11745312246480642,
        0.96703991514545684,
        0,
        -0.0094356049228715017,
        0.9929220614064096,
        -0.11839235335183487,
        0,
        -0.97410081758563616,
        0.017622258530433199,
        0.22542638085033873,
        0,
        -4.4956040382385254,
        5.7571244239807129,
        -19.917169570922852,
        1
      ],
      "name": "DSC_0620_JPG"
    },
    {
      "name": ""
    },
    {
      "children": [
        27
      ],
      "matrix": [
        0.38361494553997944,
        0.12510596402772961,
        0.91497982017258228,
        0,
        -0.077364360892345246,
        0.99165220043473246,
        -0.10315361863101169,
        0,
        -0.9202468849292984,
        -0.031215559223657451,
        0.39009134781519661,
        0,
        -9.0716438293457031,
        6.0310845375061035,
        -18.525869369506836,
        1
      ],
      "name": "DSC_0621_JPG"
    },
    {
      "name": ""
    },
    {
      "children": [
        29
      ],
      "matrix": [
        0.59856363318772154,
        0.13189025210653924,
        0.79014336574091937,
        0,
        -0.070323532823411292,
        0.99119668890759915,
        -0.11217720191664064,
        0,
        -0.79798256732609718,
        0.01157952062417486,
        0.60256927978927455,
        0,
        -13.692333221435547,
        6.3046650886535645,
        -15.932369232177734,
        1
      ],
      "name": "DSC_0622_JPG"
    },
    {
      "name": ""
    },
    {
      "children": [
        31
      ],
      "matrix": [
        0.8201705055042563,
        0.10461029689032653,
        0.56247402400947411,
        0,
        -0.08206356876452009,
        0.99448579462470121,
        -0.065296056322778614,
        0,
        -0.56620306656050845,
        0.0073952737741299381,
        0.8242326111864795,
        0,
        -17.654033660888672,
        6.5629949569702148,
        -11.300680160522461,
        1
      ],
      "name": "DSC_0623_JPG"
    },
    {
      "name": ""
    },
    {
      "children": [
        33
      ],
      "matrix": [
        0.96150607980539271,
        0.11198886886701034,
        0.25092738341431248,
        0,
        -0.10300407440376388,
        0.99348795721564531,
        -0.048701535126810844,
        0,
        -0.25474736338869081,
        0.020980279249134898,
        0.96678002085745374,
        0,
        -19.894931793212891,
        6.5967655181884766,
        -5.3758692741394043,
        1
      ],
      "name": "DSC_0624_JPG"
    },
    {
      "name": ""
    },
    {
      "children": [
        35
      ],
      "matrix": [
        0.99150302101060361,
        0.11667949334108733,
        -0.05751221748910159,
        0,
        -0.11646550334510512,
        0.99316957188466526,
        0.0070702201523026248,
        0,
        0.0579443341269694,
        -0.00031195528185672811,
        0.99831976682147505,
        0,
        -20.534233093261719,
        6.5405154228210449,
        0.10082042217254639,
        1
      ],
      "name": "DSC_0625_JPG"
    },
    {
      "name": ""
    },
    {
      "children": [
        37
      ],
      "matrix": [
        0.91932944332565947,
        0.12046376282181639,
        -0.37459559057915004,
        0,
        -0.10354699754212976,
        0.99249536269452021,
        0.065045940149120268,
        0,
        0.37962006524226721,
        -0.021010399250892993,
        0.9249038702420781,
        0,
        -18.947834014892578,
        6.4662356376647949,
        5.8831706047058105,
        1
      ],
      "name": "DSC_0626_JPG"
    },
    {
      "name": ""
    },
    {
      "children": [
        39
      ],
      "matrix": [
        0.76687747089245806,
        0.12573256550856166,
        -0.62935702634373003,
        0,
        -0.080583906256602195,
        0.99172547446903425,
        0.099934064970840411,
        0,
        0.63671436193163911,
        -0.025921135388023639,
        0.7706639449527799,
        0,
        -15.814833641052246,
        6.2794957160949707,
        11.479530334472656,
        1
      ],
      "name": "DSC_0627_JPG"
    },
    {
      "name": ""
    },
    {
      "children": [
        41
      ],
      "matrix": [
        0.29461609881244899,
        0.1698737452888133,
        -0.94039580229926834,
        0,
        -0.055705899337806238,
        0.98545273147046408,
        0.16056078853931838,
        0,
        0.95399067453487174,
        0.0050818007588740305,
        0.29979320906509477,
        0,
        -5.9236841201782227,
        5.8013262748718262,
        18.667230606079102,
        1
      ],
      "name": "DSC_0629_JPG"
    },
    {
      "name": ""
    },
    {
      "children": [
        43
      ],
      "matrix": [
        0.067553914214947164,
        0.1181222992544041,
        -0.99069853693900878,
        0,
        0.005900375200880062,
        0.99290218262309993,
        0.11878737860047736,
        0,
        0.9976981779309454,
        -0.013870045462698183,
        0.066377462983563063,
        0,
        -1.7111551761627197,
        6.4688963890075684,
        22.951629638671875,
        1
      ],
      "name": "DSC_0630_JPG"
    },
    {
      "name": ""
    },
    {
      "children": [
        45
      ],
      "matrix": [
        -0.1492929280402,
        0.108232945219015,
        -0.98285159164870939,
        0,
        0.032573711850639099,
        0.99399007382155169,
        0.10451165695987086,
        0,
        0.98825633058101647,
        -0.016412273256434969,
        -0.15192123733402441,
        0,
        2.4623651504516602,
        6.5396060943603516,
        24.935230255126953,
        1
      ],
      "name": "DSC_0631_JPG"
    },
    {
      "name": ""
    },
    {
      "children": [
        47
      ],
      "matrix": [
        -0.25856359342876134,
        0.16569704461024498,
        -0.95167712884183386,
        0,
        0.080910450917565033,
        0.98543185082180085,
        0.14959133102635425,
        0,
        0.96259979590976552,
        -0.038321753526560892,
        -0.26820342302276279,
        0,
        7.0695648193359375,
        5.3126964569091797,
        28.363630294799805,
        1
      ],
      "name": "DSC_0632_JPG"
    },
    {
      "name": ""
    },
    {
      "children": [
        49
      ],
      "matrix": [
        0.85421310804443984,
        0.28560001663908963,
        0.43445666819696749,
        0,
        -0.25185087919560545,
        0.95833177489111232,
        -0.13480112715571368,
        0,
        -0.45485283410511879,
        0.0057305959377762367,
        0.8905481792563158,
        0,
        -11.20284366607666,
        9.0280351638793945,
        -4.6785798072814941,
        1
      ],
      "name": "DSC_0634_JPG"
    },
    {
      "name": ""
    },
    {
      "children": [
        51
      ],
      "matrix": [
        0.95151078858740457,
        0.30425356351652988,
        -0.045354032778447177,
        0,
        -0.30434842700860432,
        0.95254782920030934,
        0.0049666953969916272,
        0,
        0.044713020242025385,
        0.0090775642807521435,
        0.99895862959762505,
        0,
        -11.760852813720703,
        9.0565252304077148,
        0.15016031265258789,
        1
      ],
      "name": "DSC_0635_JPG"
    },
    {
      "name": ""
    },
    {
      "children": [
        53
      ],
      "matrix": [
        0.73727143423650299,
        0.30475553124788723,
        -0.60295513799342315,
        0,
        -0.26126632054749166,
        0.95165468248376184,
        0.16153412968876221,
        0,
        0.62303349990704782,
        0.038437370884967764,
        0.78125016896831856,
        0,
        -10.620723724365234,
        9.2444658279418945,
        6.3332304954528809,
        1
      ],
      "name": "DSC_0636_JPG"
    },
    {
      "name": ""
    },
    {
      "children": [
        55
      ],
      "matrix": [
        0.41219923546539561,
        0.30009866923207262,
        -0.86025146265896157,
        0,
        -0.09736792007741564,
        0.95329889388128564,
        0.28590331768714272,
        0,
        0.90587597297949218,
        -0.034088233305002685,
        0.42216905846900044,
        0,
        -6.4259037971496582,
        8.9734659194946289,
        9.4208307266235352,
        1
      ],
      "name": "DSC_0637_JPG"
    },
    {
      "name": ""
    },
    {
      "children": [
        57
      ],
      "matrix": [
        0.091662897654953945,
        0.0059696229543415068,
        0.99577220125653254,
        0,
        -0.0023847223032774879,
        0.99998047912470012,
        -0.0057753328104545622,
        0,
        -0.99578723947087899,
        -0.001845256436992179,
        0.09167534420796053,
        0,
        -7.2206935882568359,
        8.2357635498046875,
        -55.685470581054688,
        1
      ],
      "name": "DSC_0638_JPG"
    },
    {
      "name": ""
    },
    {
      "children": [
        59
      ],
      "matrix": [
        0.057030468628474829,
        0.0015889431955393796,
        0.99837117391656394,
        0,
        -0.0068866162129454676,
        0.99997556922762332,
        -0.0011981089376295264,
        0,
        -0.99834868666471044,
        -0.0068070703986502328,
        0.057040017772049034,
        0,
        -4.5291337966918945,
        9.6929731369018555,
        -66.804969787597656,
        1
      ],
      "name": "DSC_0642_JPG"
    },
    {
      "name": ""
    },
    {
      "children": [
        61
      ],
      "matrix": [
        -0.18324400794927231,
        0.031228962378378487,
        0.98257131316737356,
        0,
        0.0046410090636780209,
        0.99951164900522826,
        -0.030901853305588933,
        0,
        -0.98305650630345653,
        -0.0011024570826567888,
        -0.18329945445315166,
        0,
        13.314464569091797,
        6.4302220344543457,
        -79.744468688964844,
        1
      ],
      "name": "DSC_0644_JPG"
    },
    {
      "name": ""
    },
    {
      "children": [
        63
      ],
      "matrix": [
        -0.2484927834738615,
        0.029539841159311374,
        0.96818321321209411,
        0,
        0.020649963838881479,
        0.99946926972908745,
        -0.025194401375257421,
        0,
        -0.96841360768778217,
        0.013732321416546421,
        -0.24897089748331469,
        0,
        20.330665588378906,
        6.0317716598510742,
        -93.759872436523438,
        1
      ],
      "name": "DSC_0645_JPG"
    },
    {
      "name": ""
    },
    {
      "children": [
        65
      ],
      "matrix": [
        -0.34278035228928361,
        0.039909639374338272,
        0.93856744604180931,
        0,
        0.0079352180810699016,
        0.99918453452375844,
        -0.039589118234005544,
        0,
        -0.93938206412430525,
        -0.0061226345269399622,
        -0.34281751843802999,
        0,
        22.465263366699219,
        5.5232024192810059,
        -70.319869995117188,
        1
      ],
      "name": "DSC_0646_JPG"
    },
    {
      "name": ""
    },
    {
      "children": [
        67
      ],
      "matrix": [
        -0.51383230306162853,
        0.052947031468766906,
        0.85625520505806463,
        0,
        0.021413944996301861,
        0.99857424367442738,
        -0.048897063610615965,
        0,
        -0.85762334814887031,
        -0.0067890889440831818,
        -0.51423350822484437,
        0,
        26.945564270019531,
        5.3536233901977539,
        -49.600471496582031,
        1
      ],
      "name": "DSC_0648_JPG"
    },
    {
      "name": ""
    },
    {
      "children": [
        69
      ],
      "matrix": [
        -0.61197823071844315,
        0.064823041491406747,
        0.78821356142769272,
        0,
        0.0093025962772537545,
        0.99715636826927778,
        -0.074783948294583555,
        0,
        -0.79081989531702235,
        -0.038433715821240597,
        -0.61084101258751922,
        0,
        30.593360900878906,
        5.3792734146118164,
        -43.566570281982422,
        1
      ],
      "name": "DSC_0649_JPG"
    },
    {
      "name": ""
    },
    {
      "children": [
        71
      ],
      "matrix": [
        -0.85328746686975898,
        0.10109788900841624,
        0.51154639645005084,
        0,
        0.068270134854588604,
        0.9942403649398347,
        -0.082615285578641562,
        0,
        -0.51695230686198412,
        -0.035571246286096952,
        -0.85527480897529506,
        0,
        38.977260589599609,
        5.3295540809631348,
        -26.695169448852539,
        1
      ],
      "name": "DSC_0651_JPG"
    },
    {
      "name": ""
    },
    {
      "children": [
        73
      ],
      "matrix": [
        -0.84880156554366937,
        0.18233877807635254,
        0.49627459368804983,
        0,
        0.16333398736696594,
        0.98316775245686017,
        -0.081872944858078833,
        0,
        -0.50284978960065607,
        0.011564624444782269,
        -0.8642964471522645,
        0,
        38.720462799072266,
        2.0048534870147705,
        -26.201969146728516,
        1
      ],
      "name": "DSC_0652_JPG"
    },
    {
      "name": ""
    },
    {
      "children": [
        75
      ],
      "matrix": [
        -0.65995771965512606,
        0.11896851276156079,
        0.74182363216529323,
        0,
        0.036640220497991934,
        0.9913047552520643,
        -0.12638186759382619,
        0,
        -0.75040875695147935,
        -0.056226107689820018,
        -0.65857825829933692,
        0,
        31.289661407470703,
        2.1154887676239014,
        -40.173667907714844,
        1
      ],
      "name": "DSC_0654_JPG"
    },
    {
      "name": ""
    },
    {
      "children": [
        77
      ],
      "matrix": [
        -0.48236507970703157,
        0.12125994063724907,
        0.86753671776811847,
        0,
        0.06486575326930949,
        0.99259785574022852,
        -0.10267390531535046,
        0,
        -0.87356531749608413,
        0.0067471161655421191,
        -0.48666016119199096,
        0,
        26.554164886474609,
        2.2538332939147949,
        -50.928268432617188,
        1
      ],
      "name": "DSC_0655_JPG"
    },
    {
      "name": ""
    },
    {
      "children": [
        79
      ],
      "matrix": [
        -0.39796895309714309,
        0.12327266203408495,
        0.90907896420816714,
        0,
        0.048733182576593856,
        0.99237254676163467,
        -0.11323341092532493,
        0,
        -0.91610359091465199,
        -0.00076107086227273496,
        -0.40094093266268338,
        0,
        21.212764739990234,
        2.6365480422973633,
        -56.310470581054688,
        1
      ],
      "name": "DSC_0656_JPG"
    },
    {
      "name": ""
    },
    {
      "children": [
        81
      ],
      "matrix": [
        -0.9606751782686016,
        0.094817680602498011,
        0.26098430853933263,
        0,
        0.092930909798595362,
        0.99547982392821355,
        -0.019589950379169541,
        0,
        -0.26166208717083228,
        0.0054339301629357413,
        -0.96514425063841536,
        0,
        108.64045715332031,
        -0.56597602367401123,
        -31.496068954467773,
        1
      ],
      "name": "DSC_0658_JPG"
    },
    {
      "name": ""
    },
    {
      "children": [
        83
      ],
      "matrix": [
        -0.97434509443818862,
        0.085855204754711228,
        0.20803970957671539,
        0,
        0.091572465678342402,
        0.99563589689345144,
        0.017990118030780797,
        0,
        -0.20558725756677207,
        0.036579292416601364,
        -0.97795492477540824,
        0,
        108.970458984375,
        -0.4132155179977417,
        -24.45026969909668,
        1
      ],
      "name": "DSC_0659_JPG"
    },
    {
      "name": ""
    },
    {
      "children": [
        85
      ],
      "matrix": [
        -0.98604537397629732,
        0.12080066833593568,
        0.11455007197524904,
        0,
        0.11939833719433644,
        0.99266364380638605,
        -0.019050651964065114,
        0,
        -0.11601102333472886,
        -0.0051077191210625776,
        -0.99323479282101723,
        0,
        107.45845794677734,
        -1.5296250581741333,
        -12.487469673156738,
        1
      ],
      "name": "DSC_0661_JPG"
    },
    {
      "name": ""
    },
    {
      "children": [
        87
      ],
      "matrix": [
        -0.34113581281860217,
        0.16905153213039489,
        -0.92468802127904615,
        0,
        0.056234969635316968,
        0.98560431196979492,
        0.15944205347605833,
        0,
        0.93833042442558934,
        0.0023915917112537349,
        -0.34573153585749172,
        0,
        23.354164123535156,
        -3.8097109794616699,
        84.523429870605469,
        1
      ],
      "name": "DSC_0664_JPG"
    },
    {
      "name": ""
    },
    {
      "children": [
        89
      ],
      "matrix": [
        -0.0024599537293839013,
        0.14930762295779065,
        -0.98878773371960049,
        0,
        0.00064220753269185471,
        0.98879075746729783,
        0.14930648183093856,
        0,
        0.99999676809334459,
        -0.00026771989402685215,
        -0.0025282659915637495,
        0,
        -2.9926722049713135,
        -1.3145209550857544,
        80.994827270507812,
        1
      ],
      "name": "DSC_0666_JPG"
    },
    {
      "name": ""
    },
    {
      "children": [
        91
      ],
      "matrix": [
        0.17273121592850871,
        0.10583198030964827,
        -0.97926682726803171,
        0,
        -0.018254028008207863,
        0.99438401776792129,
        0.10424593838227869,
        0,
        0.98479983626386447,
        -0.00013096359991988243,
        0.17369302042166523,
        0,
        -15.353733062744141,
        0.81079393625259399,
        78.141731262207031,
        1
      ],
      "name": "DSC_0667_JPG"
    },
    {
      "name": ""
    },
    {
      "children": [
        93
      ],
      "matrix": [
        0.44801249884457328,
        0.07715477708184687,
        -0.8906918329324075,
        0,
        -0.020421917520219102,
        0.99689239839863197,
        0.076082135221223687,
        0,
        0.89379401774896572,
        -0.015896112369812754,
        0.44819590297958745,
        0,
        -34.651931762695312,
        4.8921184539794922,
        66.126533508300781,
        1
      ],
      "name": "DSC_0669_JPG"
    },
    {
      "name": ""
    },
    {
      "children": [
        95
      ],
      "matrix": [
        0.65145495841293966,
        0.047858390145411933,
        -0.75717634118604416,
        0,
        -0.039638138698990008,
        0.99879241268630881,
        0.029026441751303464,
        0,
        0.75765114341606776,
        0.011103641427555185,
        0.65256528717621309,
        0,
        -46.017532348632812,
        7.546597957611084,
        53.145431518554688,
        1
      ],
      "name": "DSC_0670_JPG"
    },
    {
      "name": ""
    },
    {
      "children": [
        97
      ],
      "matrix": [
        0.70408496070562943,
        0.012758155642629627,
        -0.71000112505034174,
        0,
        -0.020198958364879848,
        0.99979384737322929,
        -0.0020651478421192093,
        0,
        0.70982840897580757,
        0.015795322701179518,
        0.70419751319614821,
        0,
        -49.610931396484375,
        8.745457649230957,
        44.121330261230469,
        1
      ],
      "name": "DSC_0671_JPG"
    },
    {
      "name": ""
    },
    {
      "children": [
        99,
        100
      ],
      "name": "mainMeshNode"
    },
    {
      "mesh": 0,
      "name": "mainMeshNode_Material_0_0"
    },
    {
      "mesh": 1,
      "name": "mainMeshNode_Material_0_0"
    }
  ],
  "samplers": [
    {
      "magFilter": 9729,
      "minFilter": 9987,
      "wrapS": 10497,
      "wrapT": 10497
    }
  ],
  "scene": 0,
  "scenes": [
    {
      "name": "OSG_Scene",
      "nodes": [
        0
      ]
    }
  ],
  "textures": [
    {
      "sampler": 0,
      "source": 0
    }
  ]
}

